RQ3 - Fluctuation Analysis Summary
==================================================

Solvers analysed: 50
Skipped (too short): 0

Full-career alpha:
  median = 0.5705
  mean   = 0.5787
  std    = 0.0724
  range  = [0.3575, 0.8481]

Surrogate sig (p<0.05): 37/50

Early vs Late:
  n pairs    = 50
  median delta_alpha  = -0.0177
  delta_alpha > 0:    23/50
  Wilcoxon:  W=512.0, p=0.2297

Per-solver results:
--------------------------------------------------------------------------------
Solver              n  a_full   CI_lo   CI_hi  sig  a_early  a_late      da   beta
--------------------------------------------------------------------------------
2003BRUC01       2782   0.519   0.457   0.556         0.527   0.506  -0.021   0.02
2003DENN01       2365   0.617   0.575   0.835    *    0.514   0.575   0.061   0.05
2005AKKE01       2254   0.558   0.478   0.614         0.583   0.543  -0.040   0.07
2005REYN01       2416   0.655   0.541   0.709    *    0.616   0.566  -0.051   0.06
2006HALC01       2260   0.596   0.494   0.621    *    0.589   0.459  -0.130   0.12
2007GOUL01       2422   0.848   0.542   0.932    *    0.602   0.877   0.275   0.27
2007OEYM01       1797   0.505   0.429   0.555         0.462   0.558   0.096   0.00
2008AURO01       2797   0.637   0.537   0.774    *    0.556   0.610   0.054  -0.02
2008BARA01       3001   0.553   0.482   0.615         0.520   0.529   0.009   0.02
2008VIRO01       2118   0.603   0.478   0.641    *    0.534   0.476  -0.058  -0.03
2009HILD01       2612   0.622   0.557   0.703    *    0.563   0.606   0.043   0.06
2009LIUE01       3504   0.565   0.515   0.623    *    0.600   0.575  -0.025   0.07
2009PROV01       3760   0.572   0.543   0.628    *    0.556   0.558   0.002   0.01
2009ROTA01       2083   0.467   0.440   0.643         0.494   0.540   0.047  -0.01
2009ZHEN11       2197   0.593   0.545   0.672    *    0.634   0.558  -0.076  -0.03
2010AMBR01       2404   0.543   0.480   0.619         0.470   0.559   0.089  -0.01
2010BENT01       2466   0.652   0.517   0.700    *    0.647   0.549  -0.098   0.06
2010GRAC02       2686   0.666   0.591   0.746    *    0.658   0.587  -0.070   0.21
2010HULL01       3424   0.519   0.471   0.581         0.525   0.489  -0.036   0.00
2010RONK01       2922   0.358   0.353   0.559         0.374   0.497   0.123   0.03
2010ROSE03       3779   0.578   0.514   0.614    *    0.566   0.532  -0.034   0.00
2010THOM03       2848   0.604   0.540   0.673    *    0.509   0.565   0.056   0.09
2010WEYE02       2838   0.546   0.463   0.618         0.600   0.509  -0.091   0.01
2011EDUA01       4264   0.640   0.540   0.853    *    0.578   0.492  -0.085   0.08
2011GROG02       2380   0.567   0.473   0.622    *    0.590   0.416  -0.174   0.02
2011SZAT01       2470   0.482   0.441   0.677         0.484   0.561   0.077  -0.04
2011WELC01       2616   0.497   0.456   0.606         0.470   0.587   0.117  -0.01
2012CANT02       2949   0.628   0.522   0.675    *    0.616   0.480  -0.136   0.08
2012ICKL01       2699   0.550   0.443   0.614    *    0.439   0.576   0.137  -0.01
2012MAHV01       3473   0.682   0.620   0.816    *    0.781   0.532  -0.249   0.03
2012PARK03       3107   0.619   0.500   0.746    *    0.567   0.603   0.036   0.15
2012REYE04       1699   0.571   0.492   0.601    *    0.538   0.543   0.005   0.01
2013BURL01       2847   0.506   0.462   0.623         0.517   0.468  -0.049  -0.07
2013DICK01       1952   0.570   0.505   0.651    *    0.628   0.501  -0.126   0.05
2013MART03       1872   0.704   0.525   0.751    *    0.720   0.479  -0.241   0.09
2013PAPA01       1763   0.650   0.558   0.728    *    0.678   0.547  -0.131   0.15
2013ROGA02       3136   0.568   0.510   0.644    *    0.625   0.469  -0.157  -0.05
2013TOKA01       2450   0.561   0.509   0.666    *    0.512   0.570   0.059   0.04
2013WALL03       3512   0.464   0.417   0.492         0.468   0.494   0.025  -0.01
2014GOSL01       2411   0.574   0.523   0.620    *    0.573   0.559  -0.015   0.06
2014JIME05       2703   0.554   0.492   0.601    *    0.521   0.571   0.049   0.03
2014PETE03       2771   0.575   0.499   0.649    *    0.515   0.538   0.023   0.01
2014SEBA01       2964   0.570   0.477   0.643    *    0.543   0.556   0.013   0.04
2014ZAKR01       3240   0.559   0.507   0.652    *    0.587   0.446  -0.141  -0.04
2015KUCA01       3040   0.600   0.524   0.624    *    0.570   0.591   0.021   0.01
2015NICH04       2111   0.615   0.523   0.677    *    0.558   0.609   0.052   0.06
2015SANC18       2069   0.558   0.467   0.605    *    0.558   0.488  -0.070   0.06
2016KELL12       2774   0.575   0.514   0.629    *    0.525   0.523  -0.002   0.02
2017GARR05       3933   0.562   0.499   0.617    *    0.528   0.501  -0.027   0.01
2020DWOR01       2055   0.560   0.469   0.662    *    0.575   0.527  -0.049   0.03
